16 44
0000000000000000000000000000000000000000000
0   11 11 11  111   111 111    111 1111 110
0  1111   11 11 11 111 111 111 111 11 111 0
0111111111111111111111111111111111111111110
0    1      111   111 111 11 11 11 11 1 110
01          1111111111111111111        1110
0111111111111111111111111111111111111111110
0 1 11 1 1 1 1  1 11  1 1 1 11 1  1 1 11  0
0 111  1 1 11  11 1 1 1 1 1 1 1  1 11 1   0
0                                         0
0 00000000000000                  1       0
0        022                      1       0
0        011111111111             1       0
0        0                        1       0
0        9                                0
0000000000000000000000000000000000000000000
                                           
     *     *   @       @        +          
                                           
 + @                  @      * *    *      
                                    @      
  +                                    +   
 + @                  @      * *    *      
                                      @@   
   @     +          +               + @    
                                           
